0
//Index   MixRate0   MixRate1   MixRate2   MixRate3   MixRate4
0         10000      9000       8000       8000       8000
1         10000      9000       8000       8000       8000
2         10000      9000       8000       8000       8000
3         9500       9000       8000       8000       8000
4         9500       8500       7500       7500       7500
5         9500       8500       7500       7500       7500
6         9000       8500       7500       7500       7500
7         9000       8000       7000       7000       7000
8         9000       8000       7000       7000       7000
9         8500       7500       7000       7000       7000
10        8500       7500       7000       7000       7000
end

1
//Index   MixMoney   MixRate
1         100000     5000
2         100000     5000
3         150000     5000
4         200000     5000
end

2
//Index   MixMoney   MixRate0   MixRate1   MixRate2   MixRate3   MixRate4
0         100000     9000       9000       8000       8000       7000
1         100000     8000       8000       8000       8000       7000
2         150000     7000       7000       7000       7000       6000
3         200000     7000       7000       7000       7000       6000
4         250000     6000       6000       6000       6000       5000
5         300000     6000       6000       6000       6000       5000
6         350000     6000       6000       5000       5000       4000
7         400000     5000       5000       5000       5000       4000
8         450000     5000       5000       4000       4000       3000
9         500000     5000       5000       4000       4000       3000
end