0
//Level   MaxLife   DamageMin   DamageMax   Defense   AttackRate   DefenseRate   SuccessRate
2         100       100         100         100       100          100           10000
3         100       100         100         100       100          100           10000
4         100       100         100         100       100          100           10000
5         100       100         100         100       100          100           10000
6         100       100         100         100       100          100           10000
7         100       100         100         100       100          100           10000
8         100       100         100         100       100          100           10000
9         100       100         100         100       100          100           10000
10        100       100         100         100       100          100           10000
11        100       100         100         100       100          100           9000
12        100       100         100         100       100          100           9000
13        100       100         100         100       100          100           9000
14        100       100         100         100       100          100           9000
15        100       100         100         100       100          100           9000
16        100       100         100         100       100          100           9000
17        100       100         100         100       100          100           9000
18        100       100         100         100       100          100           9000
19        100       100         100         100       100          100           9000
20        100       100         100         100       100          100           9000
21        100       100         100         100       100          100           8000
22        100       100         100         100       100          100           8000
23        100       100         100         100       100          100           8000
24        100       100         100         100       100          100           8000
25        100       100         100         100       100          100           8000
26        100       100         100         100       100          100           8000
27        100       100         100         100       100          100           8000
28        100       100         100         100       100          100           8000
29        100       100         100         100       100          100           8000
30        100       100         100         100       100          100           8000
31        100       100         100         100       100          100           7000
32        100       100         100         100       100          100           7000
33        100       100         100         100       100          100           7000
34        100       100         100         100       100          100           7000
35        100       100         100         100       100          100           7000
36        100       100         100         100       100          100           7000
37        100       100         100         100       100          100           7000
38        100       100         100         100       100          100           7000
39        100       100         100         100       100          100           7000
40        100       100         100         100       100          100           7000
41        100       100         100         100       100          100           6000
42        100       100         100         100       100          100           6000
43        100       100         100         100       100          100           6000
44        100       100         100         100       100          100           6000
45        100       100         100         100       100          100           6000
46        100       100         100         100       100          100           6000
47        100       100         100         100       100          100           6000
48        100       100         100         100       100          100           6000
49        100       100         100         100       100          100           6000
50        100       100         100         100       100          100           6000
51        100       100         100         100       100          100           5500
52        100       100         100         100       100          100           5500
53        100       100         100         100       100          100           5500
54        100       100         100         100       100          100           5500
55        100       100         100         100       100          100           5500
56        100       100         100         100       100          100           5500
57        100       100         100         100       100          100           5500
58        100       100         100         100       100          100           5500
59        100       100         100         100       100          100           5500
60        100       100         100         100       100          100           5500
61        100       100         100         100       100          100           5000
62        100       100         100         100       100          100           5000
63        100       100         100         100       100          100           5000
64        100       100         100         100       100          100           5000
65        100       100         100         100       100          100           5000
66        100       100         100         100       100          100           5000
67        100       100         100         100       100          100           5000
68        100       100         100         100       100          100           5000
69        100       100         100         100       100          100           5000
end

1
//MinLevel   MaxLevel   RewardGroup
2            15         0
16           25         1
26           35         2
36           50         3
51           60         4
61           70         5
end

2
//MinLevel   MaxLevel   SuccessRate
2            20         500
21           40         750
41           60         1000
61           70         1250
end